R H D C G H W P
0 .58 .515 .517 .551 .519 .495 .502
.58 0 .265 .276 .294 .298 .294 .276
.515 .265 0 .240 .266 .274 .239 .219
.517 .276 .240 0 .217 .209 .181 .181
.551 .294 .266 .217 0 .166 .162 .147
.519 .298 .274 .209 .166 0 .111 .093
.495 .294 .239 .181 .162 .111 0 .050
.502 .276 .219 .181 .147 .093 .050 0