R I B 1 Y 3 P 2 E L H C S G N O A D _ T M K V Y Z
0 0.267983 0.252921 2.45712 2.351802 2.566571 2.382289 2.169683 2.494812 2.221871 2.230461 2.237009 2.229995 2.313138 2.261495 2.231836 2.20986 2.505749 2.441894 2.251331 2.682559 3.351474 2.405057 3.288276 4.479056
0.267983 0 0.195084 2.08374 2.227059 2.097341 2.161158 1.927255 2.180127 2.152572 2.143414 2.145473 2.1379 2.170214 2.173697 2.160632 2.124829 2.352889 2.026634 2.139474 2.410224 2.924652 2.281294 3.162442 4.425621
0.252921 0.195084 0 2.14784 1.967111 2.154363 1.897563 1.820331 2.049909 1.682587 1.67436 1.703273 1.71087 1.7452 1.693622 1.768991 1.813923 1.946934 1.921883 1.85076 2.091379 2.478698 2.611346 2.789081 3.435378
2.45712 2.08374 2.14784 0 0.203078 0.435879 0.401942 0.423915 0.439818 0.423087 0.425459 0.431971 0.426153 0.441317 0.433712 0.444176 0.38826 0.457955 0.450624 0.496797 1.000745 2.101199 2.315495 2.499011 3.217063
2.351802 2.227059 1.967111 0.203078 0 0.476333 0.456062 0.443323 0.433078 0.490772 0.491583 0.480894 0.479965 0.483448 0.476772 0.480424 0.434474 0.495479 0.57078 0.486575 1.529105 2.325911 2.43393 2.681268 3.288067
2.566571 2.097341 2.154363 0.435879 0.476333 0 0.351556 0.443528 0.398014 0.413837 0.413901 0.413531 0.414078 0.406506 0.42342 0.415258 0.412731 0.462698 0.456561 0.509712 0.991637 1.909686 2.77107 2.61293 3.074437
2.382289 2.161158 1.897563 0.401942 0.456062 0.351556 0 0.411628 0.432548 0.433345 0.437061 0.436079 0.435902 0.43502 0.426902 0.441775 0.38461 0.453625 0.465185 0.510008 1.436415 2.063709 2.351767 2.662329 2.809372
2.169683 1.927255 1.820331 0.423915 0.443323 0.443528 0.411628 0 0.192348 0.367446 0.367508 0.372777 0.37002 0.370071 0.361802 0.391357 0.259099 0.458878 0.469798 0.32576 0.931289 2.244173 2.234398 2.526659 3.437128
2.494812 2.180127 2.049909 0.439818 0.433078 0.398014 0.432548 0.192348 0 0.381655 0.380753 0.372487 0.371165 0.381232 0.37297 0.382831 0.270536 0.400258 0.496694 0.316077 1.439185 2.286112 2.351577 2.92437 3.013601
2.221871 2.152572 1.682587 0.423087 0.490772 0.413837 0.433345 0.367446 0.381655 0 0.003997 0.003467 0.009855 0.021424 0.019272 0.031883 0.222103 0.182127 0.247991 0.420839 1.3828 2.245147 2.321214 2.627303 3.070759
2.230461 2.143414 1.67436 0.425459 0.491583 0.413901 0.437061 0.367508 0.380753 0.003997 0 0.002889 0.007527 0.020839 0.018684 0.032486 0.221945 0.181956 0.247991 0.421927 1.383458 2.234363 2.321214 2.618196 3.064776
2.237009 2.145473 1.703273 0.431971 0.480894 0.413531 0.436079 0.372777 0.372487 0.003467 0.002889 0 0.007529 0.018115 0.016919 0.031268 0.222345 0.183089 0.25194 0.420958 1.378715 2.233668 2.344494 2.514664 3.11412
2.229995 2.1379 1.71087 0.426153 0.479965 0.414078 0.435902 0.37002 0.371165 0.009855 0.007527 0.007529 0 0.021671 0.021043 0.033685 0.22077 0.186634 0.255951 0.42046 1.386281 2.259065 2.346625 2.54334 3.109241
2.313138 2.170214 1.7452 0.441317 0.483448 0.406506 0.43502 0.370071 0.381232 0.021424 0.020839 0.018115 0.021671 0 0.02824 0.036161 0.226637 0.182513 0.252184 0.417944 1.400327 2.207303 2.397978 2.5658 3.152999
2.261495 2.173697 1.693622 0.433712 0.476772 0.42342 0.426902 0.361802 0.37297 0.019272 0.018684 0.016919 0.021043 0.02824 0 0.033061 0.225854 0.182727 0.249411 0.417929 1.375876 2.255604 2.359799 2.520098 3.030629
2.231836 2.160632 1.768991 0.444176 0.480424 0.415258 0.441775 0.391357 0.382831 0.031883 0.032486 0.031268 0.033685 0.036161 0.033061 0 0.230317 0.185743 0.249729 0.435355 1.397307 2.220182 2.267517 2.444437 2.993045
2.20986 2.124829 1.813923 0.38826 0.434474 0.412731 0.38461 0.259099 0.270536 0.222103 0.221945 0.222345 0.22077 0.226637 0.225854 0.230317 0 0.27727 0.343514 0.333654 1.250722 2.26857 2.282642 2.535875 3.238888
2.505749 2.352889 1.946934 0.457955 0.495479 0.462698 0.453625 0.458878 0.400258 0.182127 0.181956 0.183089 0.186634 0.182513 0.182727 0.185743 0.27727 0 0.021961 0.455872 1.393928 2.364265 2.325087 2.601342 2.882421
2.441894 2.026634 1.921883 0.450624 0.57078 0.456561 0.465185 0.469798 0.496694 0.247991 0.247991 0.25194 0.255951 0.252184 0.249411 0.249729 0.343514 0.021961 0 0.553447 1.109154 2.276925 2.313324 2.591387 2.94674
2.251331 2.139474 1.85076 0.496797 0.486575 0.509712 0.510008 0.32576 0.316077 0.420839 0.421927 0.420958 0.42046 0.417944 0.417929 0.435355 0.333654 0.455872 0.553447 0 1.572859 2.473121 2.224869 2.700064 2.938142
2.682559 2.410224 2.091379 1.000745 1.529105 0.991637 1.436415 0.931289 1.439185 1.3828 1.383458 1.378715 1.386281 1.400327 1.375876 1.397307 1.250722 1.393928 1.109154 1.572859 0 2.737529 2.39242 2.896412 3.279981
3.351474 2.924652 2.478698 2.101199 2.325911 1.909686 2.063709 2.244173 2.286112 2.245147 2.234363 2.233668 2.259065 2.207303 2.255604 2.220182 2.26857 2.364265 2.276925 2.473121 2.737529 0 0.704118 1.62305 1.656736
2.405057 2.281294 2.611346 2.315495 2.43393 2.77107 2.351767 2.234398 2.351577 2.321214 2.321214 2.344494 2.346625 2.397978 2.359799 2.267517 2.282642 2.325087 2.313324 2.224869 2.39242 0.704118 0 1.4919 1.251865
3.288276 3.162442 2.789081 2.499011 2.681268 2.61293 2.662329 2.526659 2.92437 2.627303 2.618196 2.514664 2.54334 2.5658 2.520098 2.444437 2.535875 2.601342 2.591387 2.700064 2.896412 1.62305 1.4919 0 1.745562
4.479056 4.425621 3.435378 3.217063 3.288067 3.074437 2.809372 3.437128 3.013601 3.070759 3.064776 3.11412 3.109241 3.152999 3.030629 2.993045 3.238888 2.882421 2.94674 2.938142 3.279981 1.656736 1.251865 1.745562 0